717οΧ ORDINUM 11 1111101701011111111111.

A. 011111111111 711. Emathis 61. 736.
m. 787, 0177111111. 0111117117111 676.
78, capsella 111. 701. 1111611111 176. 786.
7177111 111. 111. 0071777578· 711111110111.
7, 787, 0111111111 113. 760. 111111171111111.161.
,8 778, 011111111111616. Ervum 661.
788, 738, 0111111111. 781. 0171111111 786. 761.
7, 777, 0111711171111116. 710. Euclidium 167. 767.
111 71. 161. Cerci· 118. Eunomia 100.
77, 787, 01111117111177. 118. 11171111 101.
7888, Chelidonium 11. 766. Εν1111111111617.
7777188, 788, 01111111111111111.111. v 1111171111 117.

,17 787, 0111117111 118. 768. ¹„
75, 01111 600. ·

17, 771, 011111718111, 117, 7111111116. 761.
1 111. 0111111111 1177 1711111111117. 773.

171, 7171, 011711 118. 7111111111111167.

137, 717, clematis 1. 711. Fannia 701. 118.
adron 777, 0711111 711. 171. 17οω1111111 17.

m 888, 01711018 111. 751. ss·
1111111608. c⁰⁶¹¹¹⁰⁸¹i⁸ ¹⁸⁶· ⁷⁸⁶· 0111171661.

tntum 161. 781. 07177377 ⁵⁷³· (7111111111 61.

ι 11. 111. 01107, 77· senisu 111,

1 111. commun ⁰⁹⁴· 1111111111 111.
nun 111. 07771777 77· 777· 11111111 111. 111.
1 11, 111, 077177 ²²¹· ⁷⁷¹· 1171171111. 111.
76· 778Ι ⁰³⁰⁰¹f⁸⁸¹⁸ ¹⁰⁹· (111111111 11. 716.
1111. 111. 0077177077 ⁷⁶⁸· 1117111111 111.

11 600. 787. 0777777777 ³³²· 01717111111666.

e 1. 111. 01771 ⁶¹⁹· 0117111111111. 711.
·· 11111111·

'⁸' Datim ²³⁸· 0711171711 111. 111.
1111 111. 1711111111 111.

7 711, m. 0111111111) 68. 117. Ι·
1771718, 1711711111 111. 761. 111Ιί110111111671.
777, 711, 171117111171. 711. 1717111177111110. 111.
1 136, 111. 171117117ὴί1 766161. 1177111111.

mnia 1177, [71111711 01. Hegemone 61. 111.
11111. 1711711111 111. 111111171111111 111. 711.
lia 80. 1711111111 101. 1110111111 61. 736.

m. 133. 017110111110. 761. 7117117111 11. 710.
1111, 171, 0117111111 116. nuperis 117. 110.
111701. 171 onium 661. 1117111111 117. 711.
1117, 1711 161. 766. · 11111111111111661.
7711777. 1711617111 761. 111711111111 017.
17111111 111. 171. 7117118161111 166.
171111111111101. 1117117111 111. 711.
168. 161. 1711711171167.

1111. 111. ¹· 1111111111 111. 111.
:hemum 11. 111. 0717111 111. 781. 717111111711 108. 106.
111671. 1111111111 111. 7177111111 13. 116.

18. 111. 1111111 161. 111111111111 611.

11 116. 116. 1171111111 71. 11771111111116. 181.

17.

 

