8. 1111111111. 1111111111. 6.
9.,11111111111111111. L. 6.
10. 1111111111111111. 8111111. 6.
11111111, Μ. 11111111. 10.
11. formasa. chn. 8, 9, 10.
13.111·111111111. 1111Β1111. 9.
11. capillaria. Paaaa. 7. 9, 10.
1511111111. 111111.. 8.

'²' 19. 11111111111111. L. 3, d, 5, 6, 7, 8,·
17. rmaaaifalia. 1111Β111. 6.
18. Rama-..111 011111111111811111111·

11111. 11.
*1111111111 1.. 1,1.

156. 11101111111811. L.

'² 1. trina-via. 0111111111. 1, 3, 4,
1. 1111116111. 11111111.. 1, 1, 3. 7, 8,
1, 11, 11. 11, 11.
3. umbrosa. an'zt.. 11.
Ι1111111111011. L. 7?

157. 11111111111111111111111. 1111111.
1. 1111111111. Τι’111.. 9.

158. 1111111111111. L.

a ᾗ, ,1.1111ἓὶ11111111ς1...’3, 1, 5, 9.
3: .1;’.,1ῐ.“ἵ.“.’ἱ;...’· a. ..aa ..
1111111111. (1111111. 6.

5. 111111111111111. 0. 111111. 6,

159. 8111111111. L.

'³ 1111111111, L. 1,1, 1161
⁶1.1}am„=a.·am. Fam.. 7,8.9, 10.
“·· 31111111. va... 1, 1, 3, 1, 5, 6, 7,
111, 11. 11. 11.
1. radians. L. 8, 9, 10, 11. 11.
5. dia-mamma, L. 7. 8, 9. 16.
6,,3111111111111111111. Fum. 10.
*² 1111111111. L. 1‚.1,‹1.6.1'.³
11. 1111111111. 11111111.. 1,1,3.11. 15.
9. 1111111. Cama. 11 8111111111. 15.
‘⁵' 19. 1111111101, Emm- 1, 1, 3 , 1.
1111.
111111111111111 Rom. 1.11,11.11,
15. 16.
11.131111111111111111. 111111.. 11.
13. 1111111111. 111111. 111111. 11.
11. 11111111. Fara. 11. 11.
15. 1111111111. 11111111. 8, 9, 10, 11,
11. 1-1. 15. 16.
16. dama-iva. Wme. 111111. 8, 9, 10.
11111111111111. 1111111. 8.
1111111111, 111111, 10.

9. 10.
10. 11.-111111111111. Β1111. 8.
*11.111111111111. L. ι, 1, 3, 4, 5, 6,
1,1,1.11.
*11.11111111111. 1111111111. 3. 9, 11.
11111.
. 18110ςί11111. 1111111. 1, 3, 1. 6. 8,
1,11.11.

1111111111. 11111111. 8.

15. umbellam. Tvncz. 9.
1641111111. Bumm. 8, 3, 10,11.
11.(1111111111111. 111111.. 11.

169. ceramium. L.

‘ 1. 1111111111. Vim.. 1,1. 6,1,1,

1,11,

1111111111. 11111111. 111111. 1.
1,1.

3111111111. 1111111. 7. 8, 9.

11. 11111111111111. 1111111. 1111111111.

5. salt-atam. Bramz. 8.

0. maximum. L. 11, 9. 11. 15.

7. 1111111111111111111111.111111. 11,0,11.

8. 1111111111. Ρ111οτ. 6.

9. 1111111111111111. 0. 1. mana 1

10. armeniacum. (1111111111. 6?

11, 1111111111. 1111111111. 1. 6.

11. multiflorum. 0. Α. Musa. 1.

13. (1111111111. 1111111111. 1. 1111
1,11.

1·1.Τ11111111·111. (1111111111. ,01

11.111111111111. L. ·1. 6.

16.(11111111111111. L. 6.

111111111111111111. 1111111. 6.
18. 1111111111. M. 11111111. 1. 6.
*11. 111111111111111. Dum. 4, 5, 1.

8111111111

*10.111111111. L. 1, ², 3, 1,1,1

⁸· 11. 111111111111111111111. L. 1, 3,1.5.1.
11.[11111111111111. Anam. 6.

13. rigidum. mela. 9.11.
Ι111. 1111111111111. wama. 11 1111. 1.
*111111111111111 L. 1,1.3.1.5.6.
1. a, 1. 11, 11, 11, 11, 11. 11. 11.

‘³ 16. alpinum. L. 1, 1.

‘² 11. 1111111. L. 1. 3, 1. 6, 7, 8. 1. 10.
18111111111111111. L. 6.
19.1111111111111111. 11111, 5.

'³ 10. 11111111111111111. 11111111. 1111116.

* 31. 1111111111. 111111. 6.

* 31. 1111111111. L. 6.
311111111111111. (111111. 6.

31. sper. 111. 0. 111111. 6.
35. sama. nov. 0. 111111. 6.

161. Malachiam. Fams.

'³ 1111111111. Fama. 1, 3, 1, 11.
7. 8.

Ordo XIX. 1111111111.

*11 glauca. Wmmm. 1, 11118, ¹⁶3· fflflfine· 1-1·

1. 11111111111111. L. 1, 3.
11111111111111. (1111111. 3.
⁸ 3.Alsi1ms1run1. 1.. 1, 3.

0161 XX. 11111111.

166. Linum. L.

* 1. gallia-ma. L. 11. 6.
‘ 1. 111111111111111111. 1111111111. 1.

 

