228810101000010. Busan.
1. hedysnroides. Bonos. 4. 8.

124. (101ος0. L.

‘ 1. officinalis. 1.. 3, 4, 8, 8.ἱ
1. orientalis. Lus. 6.

118. 00000000. Lm.
1101110011110. Lm. 8, 0, 10.

1. 01101000000. Lm. 7, 8, 0, 10.

3. Bungei. Lsnnn. 8.

4. 1101000000. 1100. 3, 4. 8, 7, 8.

8. 0100618010. 1100. 8.

0. pygmaea· 1100. 418, 0, 10.
7. spinosa. 1100. 8, 0.
8110000001101100. Pom. 8, 0.
0101010. 11010. 0.

11811011100110011100. Fncn.

1. argenteum. Dsc. 8. 8.

227. 0010011000. 11000.

1. 1101001100. 81000. 4.
1. 110νο011. 80000101. 8.

218. 0010100. L.

¹⁸ narbonensem. 1.. 8, 6.
* 10100010. Ans. 8, 6.

229. Sphasrophysa. 1100.

1. 0010010. 1100, 8.10.
1. caspios. 1100. 6.

130. 11101000001100. 1100001Μο1110.
1. 0111111001. 11000. 0111101011. 4. 8.

131. Ρ1000. 1..

⁶ ι. frigida. Ι.. ,1. 0, 0, 10, 11, 10. 10.

1. abbreviata. Iamn- 8.

· 0. alpius. 10001. 1, 0, 0, 10, ιι. 10.

4. 010000101ρο. 10000. 0.
· 8. 00011οΙ10. 1.. 0,10,11.
6. 01000110. 11000. 0.

131. Oxytropis. 1100.

1. 0110000100. 101000. 8.
1. microphyssa. 1100. 0.
8101010111010. Tunes. 0.
4. 1101110110. Pnns. 0.

8. 0111011010. 1100. 0,10.

6. 10111011Ιο00. 1100. 0, 10.
00100111Ιο. 1100. 8, 0, 10.
8. 1101110110. 10000. 0.
0010110011110. 1100. 0, 10.
10. 1001101110. 1100. 8, 0.

11. 0Ιο01101010. Tunes. 0.
11. 10011010. 1100. 10.

13. 00010. 1100. 0,10.

14. 01000110. 80000. 8.

18. 0010110. 111000. 8.
18100110. 1100. 8.
17.0011011101110110. Lunna. 8.
18. 0100001110. 1101100. 8.
10. 0011010110. mn. 8.
10110000001101800. 110011. 8.
1110001001000. 1100. 8, 0.

81010 10001011. 101. 1.

11. 0110110110. 101000. 8.
’13.011000. 1100. 3, 4, 8, 8, 7, 8, 0.
14. 1)οΙΙο011. Ρο00. 4, 8, 8.

18. diffusa. 101000. 8,0,10.
1811011010. 1100. 8, 0, 10.
111101110060. 1100. 8.

18. 1001100100. mun. 1. 111
10. (1011000110. sensns. 8.
30. cyanos. Μ. 011100. 6.

31. nigrescens. Fnscs. 11. 11.
3110101010. 10000. 18.
3310101110. Lnnsn. 18.

04. Μο110011000. Tunes. 11.
3811011000110. 10000. 8.

36. 00010100. 1100. 0,10.
3711111011010. 1100. 11,10.
3810031100110. 1100. 11.
3011011100110. 1100. 8.

140. campestris. 1100. 1. 31 7. 11.1

11. 16.

41. argentata. Psns. 8.

41. 011000010110. 80000011. 8.
43. frigida. 1100οι. nt 111101.. 8.
44. candicans. 1100. 11.

145. 01010010. 1100. 1, 1, 3. 6, 7, ”

8, 11, 10, 11. 18.
40. 10001110010010. 10000111 01 11101-
000. 8.
47. elongata. Tunes. 11. ·
4801001001110. 10000. 8. Ι
40. 0000001110. 1100. 3. 7, 8. '‘¹-
80. 0100011010. 1100. 0,10.
81. 011000. Tunes. 0.
811110011111010. 10000. 10,11.
83. 1000011110. Ρο00. 8.11.
84. 001000. 1100. 8.
88. caespitum. Pnns. 8, 0, 10.
8810000111010. Tunes: 0.
87. 0100111010. Bonos. 10.
8800001010. Pnns. 8.
80. 1001001110. 1100. 0,10.
8010101010010. 801100. 8.
6111101110. Pnns. 11.

188. 8011080100. L.

nwmsnsnnnnsm
mmmmm·
1. 0101011100. 11000010. 1. 6, 7, 8,
000
⁹ 110000101ίί0. 11. 8, 4. 8, 1,·8, 0,
mm
40100800. (1.8 1101101. 6.
8010100101100. L? 4. 8.
8. 10000100100. Μ. 0 Bm. 8.
7. adsurgens. an.. 8, 0, 10.
8. uliginosus. 1.. 7, 8, 0, 10, 11.
0. 8010101010ῐί. Tunes· 11.
1004010100. 1001. 6.
1111111100. Tnmcz. 0.
11010111000110. 10000. 8, 0. ,
1311110100. 10000. 6.
14. xenophilus. Lsnsn. 8.

8

 

