122. 8666111616. Pomm.
‘¹ 1. Coronopus. Pomm. 3,1, 6, 6.

123. 8611616116. Ι..
’ 1. aquatica. Ι.. 1,2, 3. 7, 8.

0116111. Capparideae.
1216166616. L.

1. iberica. 1166. 6.
2. 8161661666. Senum. 9.
3666616661. 81611111. 6.

123. Capparis. L.
1. 1161116666. ¹W. 1, 6, 6.

Ordo X. 1166εά66666.

126. Beseda. L. ι

¹³ 1. 1616616. L. 3, 1, 6, 3.

* 2.Ρ111166616. L. 9. 6.
3. mediterranea. 1.. 1.

⁸ 616166. Ι.. 3, 1, 6, 6.
6111166616. 111611. 6111161116. 6, 6. Ι
6. 3161161616. 111166. 61111166. 6.

Ordo xl. 1161166666.
127. 11611666. L.

1. 6666611166. L. 6.

Ordo Xll. 0161111666.

128. 616161. Toumar.

⁶ 1. creticus. L. 6.
¹³ 2161νί161166. 1. 6.

1291161166111616616. 1611116111.

1111166661. Tum. 6.
2611666616. Ρ1611. 6.

¹* 3. 6616116Ιί661. pm. 6, 6.
1. procumbens. 11611. 6, 6.
6. arabicum. Pm. 6.

16. 161666116116. 111161166611661. 11.
' 17. uliginosa. 866616. 3.
18. umbrosa. ans. 3.
*6611166 1.. 2, 6, 1, 5, 6. 8, 6.
'³ 26. collina. Basssn. 3. 6.
* 21. 66161616. L. 3, 1, affl, 7, 8.
221666116611111. 111611. 16.
* 23. mirabilis. L. 3, 6. 6, 1, 3,9,16.
“29. 6161161. 111611. 1,2, 3,1,63
1, 8, 9.
'³ 25. pratensis. 111161. 61116611. 3. 1. 8.
‘¹ 26. 11666166. 1111. 3,1. 7, 8.
1271166611. Am.. 3,1. 8.
28. acuminata. 161666. 8, 9,16.
1296611161. L. 1,2,3,1, 3, 6, 7,
3,6,16.
1 36. sylvestria. Lm. 3, 1. 68911.
*¹ 31. arenaria. 11116. 3,1. 8, 9,16,11.
*3211111616 L. 1, 2. 6, 7,8,9, 16,
11. 16.
33. 6666666116. L. β.61161166111.1161·
611111. 16.
3611616616. L. 9, 9, 16, 11.
36 minuta. M. 11111116. 6.
3661111166. Ρ111. 6, 6. 8, 9.
¹³3⁷. tricolor. L. 1, 2, 3, 6, 6, 6, 7, 8.
38. occulta. Lnun. 6. 8.
39. 6111666161. Lmen. 6.

Ordo XIV. Droseraceae.

131. 11166616. Ι..

‘³ 11616661116116. L. 1, 2, 3, 1. 7,
. 2. 3331. .. .,.,.,...,.,
1 311161116616. Hm. 3,1.

132111116166116. ΜοΝτι.

1. vesiculas.. L. 3.

'³ 6. 6616661666. wama. 3, 1, 6, 6. 138. Parnassia. L.

⁶ 21613616.. (1111111. 3, 6, 6, 6.
3. soongoricum. 8661111111. 3.

01616 Xlll. 1661661666.

136. 111616. L.

*¹ 1. pinnata. L. 7, 8, 9, 16.
2. dissecta. Lunna. 8, 9, 16, 11.
3. 616611Ιοί6611. R. 618611. 9,16,11.
1. variegata. 111611. 16.
6. 1161111666. Tuncz. 9.
661161666161. 661161. 8.
7. 1611161616. [11111111. 6. 8, 9, 16.
8. 16161161111611. Guttam. 11.
9. Ρ6111611. Duc. 33119, 16.
16, (11661161166. R. 618611. 9, 16,11.
1111161113. Tuacz. 9.
121111611166116. Tum. 9.

‘⁹³ 1366161611. L. 1, 2, 3, 6. 7, 3,

6111611.

11. 66166116. 16111161. 1, 2, 3. 9. 11.
1611611661 1161111.. 16.

11611 1611166. 661. 1.

³* 1. palustris. L. 1, 2, 3, 6. 6, 7,
“ 66, 16, ιι. 19.
261616. 16611111. 11.
3. ’1616666166111 1661116. 9.
1. 1611616661. 9111.. 11.
611611611661. Cumas. 6186111166·
111116. 16,16.

Ordo XV. Franckemaceae.

134. 1166116616. L.

1. 61161616616. L. 9, 5, 6. 8.
1. 1116116. 11116. 6, 5, 6. 3.
3. intermedia. Duc. 1.

01116 xlv. Polyqetleae.

135. polygala. L.
1. 6111111611. L. 3, 6. 6, 7, 3, 6.

2. 1111111161611166. 311611. 11 1111166.

3. 1611111116. Senam. 6.

11

 

