* 61116161. 6116. 6, 6, 6.

* 6. vulgaris. L. 3, 6, 6, 6, 7. 91

* 6161116116. 8611116116. 3, 6, 6, 6, 7,
1. ,1111111111 1111. 1.

* 8. 6111616. 1.. 3, 6, 6, 6, 7. 9.

011111 xvss. 6111111111.

136. 11611616. L.
1. 1161116. L. 6, 6, 6,
137. 1116611161. L.

⁶ 1. Ameria. L. 3, 6, 6, 6.
6. Pseud-Ameria. Μ. 61111111. 6, 6, 6.
* 3. barbatus. 1.. 3.
* 6. carthusianorum. L. 3, 6.
* 6611616111611. Am.. 6.
6. capitatus. 11111. 6, 6, 6, 7.

16. 1161111161. 661161. 3,16.
13. 8111111116111. L. 6.
* 16. 6161116116. 11161111. 6. 6.
16111116111116. L. 6. 6.
16. 1111116161116. 1911116611. 6, 6. 61.
* 11. 6661161616. L. 3, 6, 6, 6,ῑ, 1.
16. altissima. 1.. 3, 6. 7, 6, 9.

- * 19. fastigiata. L. 3. 611.

6ο. glomerem. Ρ111.. 6, 6, 6.
61. 16611616. Μ. a Β11.11. 6.

139. saponaria. L.

* 1.6111111161111. L. 3, 6, 6, 6,7.
6. glutinosa. M. ι Bm. 6, 6.
31161611111116. 1111111111. 6.

6. orientalis. 1.. 6.

6. viscosa, C. 6111111111. 6.
61116116111111. 11111111. 6.

7. 1611166161166. Μ.6Β1611. 3,6. 6, 7. ¹4⁰· vnoeffl'ist· Mssmxus.

'⁸ 8. 1116111111111. 1311111.. 6.

1 1.vulgari⁸. 11611. 3, 6, 6,66.

¹· 9. 81661111. Vm.. 1316611191 111. Silene. [1.

1, 11, 11. 13.
16.(61611161111. M. 6 1111111. 6, 6, 6, 7.
111611111116111661. Ρ11.1.. 7. 8.
16661111111161611. 8111111611. 6. 6, 7.
13. 1161611. Lunna. 8.
16.(1111. chu, 11 1111111111. 6.
16. rigidus. M. 61111111. 6.
16, 1161111Ιί11. 1611111. 111111. 6, 6.
* 17. (1111611111. L. 6, 3, 6.
*18 alpinus. L. 13.
19. repens. 1111111. 11. 16.
⁸20. 1111111111161111. 1911111, 6, 6, 7, 8.
61. bit-0101. M. 6 111111. 6, 6, 6.
66. elongatus. C.A.M1:1'1:n. 6.
63. 61111111111111611111. 8111111166. 6.
66. fragrans, 1111111. 6.
66. 1111111111. 8111111, 6. 6. 8.
66. 11111111161111. Μ. 6 Bam. 6.
67. 1666116116. Μ. 6 1111111. 6. 7.
661111111111111. 1111111. 7,
⁶ ⁶19. arenarius. L. 1, 3. 9?
'³ 36, plumarius. L. 3, 6. 1?
*311611111666 L. 1, 6, 3, 11 7, 8,
11, 11. 11.
*36111611111111111611116 L. 6.
'³ 33. 1111111111. L. 3, 6. 6, 6.
ι’311861111161111 L. 6.
3611111166111. 16611111. 6. 8.

138. Gypsophiln. L.

*⁵ 1. 1111111111. L. 3-6, 6. 6, 7, 8, 9.
6. 8661111ἰὶ, 611111. 11 1111111111. 6. 6.
3. 111611161611111111. 111111.. 6.

6. 11166111. Μ. 6 Bm. 6.

6. 1111161111. 6111111.. 11.16.
6111111116. Fam.. 11. 11?
7111111611111116. 6111111. 8.

8. 11111116111111. 1111111.. Β.

9, 1166116116. M. 6 611111. 6.

16. 6161111111. [1111111111. 7.
11.(1111111161. Rumon. 6, 8, 9, 16.

· 1111111111 1.. 1661. 16. 1111
2. 6161111616. 811111. 6.
3161116. 81116. 6.

’* 1111111111. 1.. 1,1,1,1,6.1.1.

11,1,16,11.
6111111111161166111116. Senon. 1. 6.
6111611111111. 1611111111. 3.
7. procumbens. 11111111. 3. 6.
61111111111111111. Lunna. 81111116.
911661116Ιί6. Lunna. 13.
16. 1111611111. Μ. a 1111111. 1, S.
11. grmninifolia. (11111. 8. 9, 16, ΙΙ.
12. 1111161616. C. A. 61111111. 6.
13. repens. Ρ1111. 3. 6, 7, 11616
11. 16.
16. 611116616116116. M. 6 Bm. 6.
' 16. 1111111. 8111111. 3, 6. 6. 6. ἵ
8 11.
16. sinn-ica. Ρ11111. 3, 6. 7. 11. 6.
171161611116111. Β161111. 6.
18. 6111111116. 11111111. 6.
191111111116116. Senum. 8.
661116111111116, Ρ11111. 11.
616111116111111116. 1166611. 6.
66111116. 01111. 6.
6316111111116. 01111. 1.
*66.161611111. Ρ11111. 1, 6. 3. 1.1·.ϊ
*³ 66. viscosa. Ρ11111. 3. 6. 6. 6. 11
'³ 66. 11111116. L. 3, 6, 6, 6, ΐ, 11.
⁰ 67.1611611Ι16. L. 6.
“’ 66. 1161116616. 1.. 3. 6. 6, 6. 1. .··.
11611111111. 1.. 61. 6.
⁶ 3611111161111116. 11111111. 6. 6. 6.
31. 61111116. Paua. 7. 11.
36611611111111116. Pana. 6.
3311111111. C. A. Μ1111111. 6.
136. 1611111111. L. 1. 3. 7.
361111116. L. 6.
3611111116. Ttncz. 9. 111.

 

