18

18100103101110. Sum. 8. 78. 0100000700 (1.7. unu. 7
18. 077087708101100. Μ. ιι Bm. 8. 77. ceratoides. 81011770. 8.
1 17000111701110. L. 8, 1, 8, 8, 7, 18. 0000010800. 110807 8.

8, 9. 790080101υο 81 ιι 11100. 7,1,1.
munimentum. Due. 8. 80. corniculum. Μ. 0110ιο. 71.
19. 8870010000. nuo. 8. 8. 9.

7001810000. 11000. 8. 81. areu-tus. 1177. 011170. 8
71. hymnus. Pus.. 8. 87. mptum Lm. 8
77. 1770087000. Suum 8. 88178000010. Pm.. 8.
78. (10171071. 111000. 8. 881707100010110. 1107. 01 Κιιι. 8
7700300100. 80071710. 8. 88. fruticum Pus.. 7. 0, 7, 87
*0700777100 1. ³. ιο, ιι.
78. 7071110700. Lm. 8. 88. 1100011100. Μ. ιι Bm. 8.
77. depauperatus. Lm· 8. 871100001ιο Pus.. 8.
7811010711. lunen. 7. 7. 88. 01000007010100. 1.. 8,7. 8, 7,8
79. 0710101700. 110000. 8. 80. 0107100000. Lm. 8.
80. 7000701017οι Μ. 0110ιο. 7, 8. 90. narbonensis? (10010. 8.
81. 0007000700. (1.7. um 8. 91. ponticus. Puu. 7, 8.
07. 0070010700. Duc. 7110. 97. vulpinus. Wuuu. 7. 8.
³³. 0070100107. Pm.. 9,10,11. 98. 0000000010100. wum- 8.
87. 1077100070Ιί0. Lunum. 8. 97. Simmiam Pau.. 8.
88. 1770017780 0. 110007. 8. 98. (1070770000. 11ιο077. 0718770001
8810071000. m.. 7, 8. 7. 98. 0773101710. 877770. 7,8,1.
87. 000 01077010. 17070. 8. 9710107100. 870700. 7. 8.
88001 1070110. 111008111οι0.. 8. 9811170οΙ10. 81000. et 811770. t
*89. austriacas. 1. ³, 7, 8, 8. 8. 98171170101800. Dm. 8.
11· 8318118881* ¹¹⁸³* ⁸· 11111717 {3:³3 177177...
77.οι01110101(100. Pus.. 8,9,10. 107. reticulatus. Μ. 0 Bm. 7. 8.
78. 1711100070οε. Lm. 8. *108.170700000. 17. 7,8, 8.
· 77. 0017070100. Lm 8. 107000100001100100. L. 8,7. 7,8
78. 7101017100. mnu. 8 108. 0000001000. Pau. 8.
78. 10001000. 1117771.. 01 11000. 8 108. 0070001 117000. 8.
⁸ 77. 00100100. 1.. 7. 7, 8, 9, 10. 107. condensatus. Lmu. 8.
*78. uper. 1100. 7. 108. compactus. Wm. 8
7010100100. Lm. 7. 8, 7. 109. 7700000110. 1177117777. 8,8
8001μο00101ηο. (111000. 8. 1107100010100. 877770. 8.
* 81. 111007. 1.. 8,7,8, 8.8,9,11. 17. 111.Ρο00103177300001170. Pus.. 1
87. socundus. 1100. 87171710 00017. 117. cuspius. Μ 011170. 8.
’888170701771100 1.. ³, 7, 8,8,7, 8. 113. persicus. 81007001Μ7770. 0.
87010070101101100 1170. 8. 1171000700. 11070. 8.
88. 080000107010. num 8. 1181710170101700. Due. 8.
80. 001037010τοιί0. 17. 8. 118. 001οι0001100. 101000. 8
87. 0107071000. Duc. 8. 8, 9, 10. 117000717017101100. 100070. 8.
88. 07810010100. 177070. 8. 118. 0701100177. Lunna. 8.
80. 700000. Lunna. 8. 119. 00100017101700. 177000. 8.
80000011110010700. Lm. 8. 170. 10110100. Duc. 8.
81. 8007017711υο Pau.. 7. 1711701100001700. Lnu. 8.
87. (1100011. C. Α. Mum. 7. 177. 0080001000000. Lunna. 8.
88. virgatas. Puu. ³. 7, 8. 178101110010710. Pus. 8.
87. 00000ιὶ00. Semnu- 8. 1771110100 110000. 8.
88. 0080007000. 0010777777. 8. 175. 0071701000. Μ. 011ιο0. 8.
88. pallescens. Μ. 011777. 8. 178011100018000. Lunum. 8.
8811010700. 8011. 7. 1770017010107010. 177077. 8.
88. 0710077700. Facu. 7. 118. 1077011000. Pus.. 9.
80001717110000. Luunu. 7. 170. 1000701100. Pau. 8,9.
70100100171100. Lunna. 7. 180. mollis. Μ. u 8777. 8.
71.70ος010011700. Duc. 8. 181. 001007000177. Lunna. 8.
77. 0000000177. Senum. 8. 18710007100. Lunna. 8.
⁸ 78. 7001007100. L. 7, 8. *188.070000000010000. 1. 7. 8.
7701171000110. Duc. 7. 8, 7, 8. 187. mutuatus. (1.1. Μο770. 8.
001701100000. Duc. 9. 188.000ςο100100100. Μ. u 11770. 8.

 

